40 40
1 1
38 38
0 0
0 9
0 30
0 32
0 33
0 34
0 35
0 36
0 37
1 0
1 9
1 10
1 29
1 30
1 31
1 32
1 33
1 34
1 37
2 0
2 10
2 11
2 15
2 16
2 17
2 18
2 29
2 30
2 31
2 32
2 33
2 34
2 35
2 36
2 37
2 38
3 0
3 11
3 13
3 14
3 27
3 28
3 29
3 30
3 33
3 34
3 35
3 37
3 38
3 39
4 0
4 4
4 11
4 13
4 26
4 27
4 28
4 29
4 33
4 35
4 38
4 39
5 0
5 4
5 11
5 12
5 13
5 14
5 21
5 25
5 26
5 33
5 34
5 36
6 0
6 4
6 5
6 6
6 7
6 8
6 9
6 12
6 14
6 20
6 21
6 22
6 25
6 33
6 36
7 0
7 9
7 12
7 13
7 14
7 15
7 18
7 19
7 20
7 22
7 25
7 33
7 36
7 37
8 0
8 1
8 2
8 3
8 4
8 5
8 6
8 7
8 8
8 9
8 10
8 11
8 12
8 13
8 14
8 15
8 16
8 17
8 18
8 22
8 25
8 26
8 33
8 37
9 5
9 6
9 14
9 15
9 16
9 17
9 18
9 19
9 20
9 22
9 26
9 27
9 31
9 32
9 33
9 34
9 35
9 37
9 38
10 2
10 3
10 4
10 5
10 15
10 19
10 22
10 27
10 28
10 29
10 30
10 31
10 35
10 38
11 2
11 4
11 7
11 8
11 9
11 15
11 19
11 22
11 26
11 27
11 29
11 30
11 31
11 32
11 35
11 38
12 2
12 4
12 6
12 7
12 8
12 9
12 15
12 19
12 22
12 26
12 27
12 28
12 29
12 30
12 31
12 32
12 33
12 35
12 36
12 38
12 39
13 1
13 2
13 4
13 5
13 6
13 7
13 9
13 14
13 15
13 19
13 20
13 22
13 26
13 27
13 28
13 29
13 30
13 31
13 33
13 36
13 39
14 1
14 2
14 4
14 5
14 7
14 9
14 10
14 14
14 15
14 20
14 22
14 26
14 27
14 28
14 29
14 30
14 31
14 33
14 34
14 36
14 39
15 2
15 4
15 6
15 7
15 8
15 9
15 10
15 12
15 13
15 14
15 20
15 22
15 26
15 27
15 28
15 29
15 30
15 32
15 33
15 34
15 36
15 39
16 2
16 3
16 4
16 7
16 8
16 10
16 11
16 12
16 14
16 15
16 16
16 20
16 22
16 26
16 27
16 28
16 29
16 30
16 31
16 32
16 35
16 37
16 39
17 2
17 3
17 4
17 5
17 7
17 8
17 10
17 11
17 12
17 20
17 23
17 26
17 27
17 28
17 29
17 30
17 32
17 35
17 36
17 37
17 39
18 3
18 4
18 6
18 7
18 8
18 9
18 12
18 14
18 15
18 16
18 17
18 20
18 23
18 26
18 27
18 28
18 29
18 30
18 31
18 32
18 36
18 37
18 39
19 3
19 4
19 7
19 8
19 9
19 10
19 11
19 12
19 13
19 16
19 20
19 23
19 25
19 26
19 27
19 28
19 29
19 30
19 31
19 32
19 35
19 36
19 37
19 38
19 39
20 3
20 4
20 5
20 6
20 7
20 8
20 13
20 15
20 16
20 20
20 21
20 22
20 23
20 24
20 25
20 26
20 27
20 28
20 29
20 30
20 31
20 32
20 33
20 34
20 35
20 38
21 4
21 5
21 6
21 7
21 13
21 14
21 15
21 19
21 20
21 23
21 25
21 27
21 29
21 30
21 31
21 32
21 37
21 38
22 2
22 4
22 5
22 14
22 15
22 16
22 19
22 22
22 27
22 28
22 29
22 30
22 31
22 32
22 33
22 34
22 35
22 36
22 37
22 38
23 2
23 5
23 8
23 10
23 14
23 15
23 16
23 19
23 22
23 27
23 28
23 29
23 30
23 32
23 38
24 2
24 5
24 6
24 8
24 10
24 11
24 14
24 15
24 19
24 22
24 27
24 29
24 30
24 31
24 38
25 2
25 5
25 6
25 7
25 8
25 9
25 10
25 15
25 16
25 19
25 23
25 38
26 2
26 4
26 5
26 6
26 7
26 8
26 10
26 15
26 16
26 19
26 23
26 38
27 2
27 3
27 4
27 11
27 12
27 16
27 19
27 23
27 38
28 3
28 12
28 13
28 14
28 15
28 16
28 19
28 23
28 38
29 3
29 14
29 15
29 16
29 19
29 22
29 38
30 3
30 18
30 19
30 22
30 37
30 38
31 3
31 4
31 14
31 18
31 22
31 37
32 3
32 4
32 13
32 14
32 17
32 18
32 22
32 31
32 32
32 36
32 37
33 3
33 4
33 5
33 6
33 7
33 13
33 16
33 17
33 22
33 25
33 26
33 27
33 28
33 29
33 30
33 31
33 32
33 33
33 35
33 36
34 2
34 3
34 7
34 8
34 9
34 10
34 11
34 12
34 13
34 14
34 15
34 16
34 21
34 22
34 23
34 24
34 25
34 26
34 33
34 34
34 35
35 2
35 22
35 26
35 27
35 28
36 1
36 2
36 22
36 28
36 29
36 30
37 1
37 2
37 3
37 4
37 5
37 6
37 7
37 8
37 9
37 10
37 11
37 12
37 13
37 14
37 15
37 16
37 17
37 18
37 19
37 20
37 21
37 22
37 30
37 31
37 32
38 32
38 33
38 34
38 35
38 36
38 37

