40 40
9 6
15 8
3
11 12
14 15
20 12
10 6
11 6
11 8
11 10
11 14
11 16
12 6
12 8
12 9
12 10
12 11
12 12
12 13
12 14
12 15
12 16
12 17
13 6
13 8
13 17
13 18
14 6
14 8
14 9
14 10
14 11
14 12
14 13
14 14
14 17
15 6
15 10
15 12
15 14
15 17
15 18
16 6
16 8
16 9
16 10
16 11
16 12
16 13
16 14
16 15
16 17
17 6
17 8
17 10
17 12
17 14
17 17
17 18
18 6
18 8
18 9
18 10
18 11
18 12
18 13
18 14
18 15
18 17
19 6
19 8
19 10
19 15
19 17
19 18
20 6
20 8
20 9
20 10
20 11
20 13
20 14
20 17
21 6
21 8
21 11
21 14
21 17
21 18
22 6
22 8
22 9
22 10
22 11
22 12
22 13
22 15
22 17
23 6
23 14
23 15
23 17
23 18
24 6
24 7
24 8
24 9
24 10
24 11
24 12
24 13
24 14
24 15
24 16
24 17
25 7
25 9
25 11
25 13
26 6
26 7
26 8
26 9
26 10
26 11
26 12
26 13
27 9
27 11
27 13
28 9
28 13
29 9
29 10
29 11
29 12
29 13
30 10
30 12

